bird,session,pair,time,time_diff,resp_RI,resp_RR,reward_RI,reward_RR,time_since_last_reward_RI,time_since_last_reward_RR,visit_lenght_response_RI,visit_lenght_response_RR,responses_before_reward_RI,responses_before_reward_RR,visit_lenght_time_RI,visit_lenght_time_RR
P787,S95,4,0.0,0.0,0,0,0,0,0.0,0.0,0,0.0,0,0,0.0,0.0
P787,S95,4,762.74,762.74,0,1,0,0,762.74,762.74,0,0.0,0,1,0.0,0.0
P787,S95,4,762.98,0.2400000000000091,0,1,0,0,762.98,762.98,0,1.0,0,2,0.0,1.240000000000009
P787,S95,4,763.3,0.31999999999993634,0,1,0,0,763.3,763.3,0,2.240000000000009,0,3,0.0,2.5599999999999454
P787,S95,4,763.62,0.32000000000005,0,1,0,0,763.62,763.62,0,3.5599999999999454,0,4,0.0,3.8799999999999955
P787,S95,4,763.94,0.32000000000005,0,1,0,0,763.94,763.94,0,4.8799999999999955,0,5,0.0,5.2000000000000455
P787,S95,4,764.27,0.32999999999992724,0,1,0,0,764.27,764.27,0,6.2000000000000455,0,6,0.0,6.529999999999973
P787,S95,4,764.6,0.3300000000000409,0,1,0,0,764.6,764.6,0,7.529999999999973,0,7,0.0,7.860000000000014
P787,S95,4,764.91,0.30999999999994543,0,1,0,0,764.91,764.91,0,8.860000000000014,0,8,0.0,9.169999999999959
P787,S95,4,765.23,0.32000000000005,0,1,0,0,765.23,765.23,0,10.169999999999959,0,9,0.0,10.490000000000009
P787,S95,4,765.53,0.2999999999999545,0,1,0,0,765.53,765.53,0,11.490000000000009,0,10,0.0,11.789999999999964
P787,S95,4,765.86,0.3300000000000409,0,1,0,0,765.86,765.86,0,12.789999999999964,0,11,0.0,13.120000000000005
P787,S95,4,766.2,0.34000000000003183,0,1,0,0,766.2,766.2,0,14.120000000000005,0,12,0.0,14.460000000000036
P787,S95,4,766.53,0.32999999999992724,0,1,0,0,766.53,766.53,0,15.460000000000036,0,13,0.0,15.789999999999964
P787,S95,4,766.87,0.34000000000003183,0,1,0,0,766.87,766.87,0,16.789999999999964,0,14,0.0,17.129999999999995
P787,S95,4,767.22,0.35000000000002274,0,1,0,0,767.22,767.22,0,18.129999999999995,0,15,0.0,18.480000000000018
P787,S95,4,767.56,0.33999999999991815,0,1,0,0,767.56,767.56,0,19.480000000000018,0,16,0.0,19.819999999999936
P787,S95,4,767.94,0.38000000000010914,0,1,0,0,767.94,767.94,0,20.819999999999936,0,17,0.0,21.200000000000045
P787,S95,4,768.28,0.33999999999991815,0,1,0,0,768.28,768.28,0,22.200000000000045,0,18,0.0,22.539999999999964
P787,S95,4,768.65,0.37000000000000455,0,1,0,0,768.65,768.65,0,23.539999999999964,0,19,0.0,23.909999999999968
P787,S95,4,769.52,0.8700000000000045,0,1,0,0,769.52,769.52,0,24.909999999999968,0,20,0.0,25.779999999999973
P787,S95,4,769.77,0.25,0,1,0,0,769.77,769.77,0,26.779999999999973,0,21,0.0,27.029999999999973
P787,S95,4,770.11,0.34000000000003183,0,1,0,0,770.11,770.11,0,28.029999999999973,0,22,0.0,28.370000000000005
P787,S95,4,770.44,0.3300000000000409,0,1,0,0,770.44,770.44,0,29.370000000000005,0,23,0.0,29.700000000000045
P787,S95,4,770.44,0.3300000000000409,0,1,0,1,770.7700000000001,0.0,0,30.700000000000045,0,0,0.0,0.3300000000000409
P787,S95,4,774.66,4.219999999999914,0,1,0,0,774.99,4.219999999999914,0,0.0,0,1,0.0,0.0
P787,S95,4,774.91,0.25,0,1,0,0,775.24,4.469999999999914,0,1.0,0,2,0.0,1.25
P787,S95,4,775.11,0.20000000000004547,0,1,0,0,775.44,4.669999999999959,0,2.25,0,3,0.0,2.4500000000000455
P787,S95,4,775.11,0.20000000000004547,0,1,0,1,775.6400000000001,0.0,0,3.4500000000000455,0,0,0.0,0.20000000000004547
P787,S95,4,778.88,3.769999999999982,0,1,0,0,779.4100000000001,3.769999999999982,0,0.0,0,1,0.0,0.0
P787,S95,4,778.88,3.769999999999982,0,1,0,1,783.1800000000001,0.0,0,1.0,0,0,0.0,3.769999999999982
P787,S95,4,784.15,5.269999999999982,0,1,0,0,788.45,5.269999999999982,0,0.0,0,1,0.0,0.0
P787,S95,4,784.4,0.25,0,1,0,0,788.7,5.519999999999982,0,1.0,0,2,0.0,1.25
P787,S95,4,784.72,0.32000000000005,0,1,0,0,789.0200000000001,5.840000000000032,0,2.25,0,3,0.0,2.57000000000005
P787,S95,4,784.92,0.1999999999999318,0,1,0,0,789.22,6.039999999999964,0,3.57000000000005,0,4,0.0,3.769999999999982
P787,S95,4,785.29,0.37000000000000455,0,1,0,0,789.59,6.409999999999968,0,4.769999999999982,0,5,0.0,5.139999999999986
P787,S95,4,785.61,0.32000000000005,0,1,0,0,789.9100000000001,6.730000000000018,0,6.139999999999986,0,6,0.0,6.460000000000036
P787,S95,4,785.93,0.31999999999993634,0,1,0,0,790.23,7.0499999999999545,0,7.460000000000036,0,7,0.0,7.779999999999973
P787,S95,4,786.01,0.08000000000004093,0,1,0,0,790.3100000000001,7.1299999999999955,0,8.779999999999973,0,8,0.0,8.860000000000014
P787,S95,4,786.27,0.2599999999999909,0,1,0,0,790.57,7.389999999999986,0,9.860000000000014,0,9,0.0,10.120000000000005
P787,S95,4,786.59,0.32000000000005,0,1,0,0,790.8900000000001,7.710000000000036,0,11.120000000000005,0,10,0.0,11.440000000000055
P787,S95,4,786.93,0.33999999999991815,0,1,0,0,791.23,8.049999999999955,0,12.440000000000055,0,11,0.0,12.779999999999973
P787,S95,4,787.31,0.37999999999999545,0,1,0,0,791.61,8.42999999999995,0,13.779999999999973,0,12,0.0,14.159999999999968
P787,S95,4,787.67,0.36000000000001364,0,1,0,0,791.97,8.789999999999964,0,15.159999999999968,0,13,0.0,15.519999999999982
P787,S95,4,788.02,0.35000000000002274,0,1,0,0,792.32,9.139999999999986,0,16.519999999999982,0,14,0.0,16.870000000000005
P787,S95,4,788.38,0.36000000000001364,0,1,0,0,792.6800000000001,9.5,0,17.870000000000005,0,15,0.0,18.230000000000018
P787,S95,4,788.74,0.36000000000001364,0,1,0,0,793.0400000000001,9.860000000000014,0,19.230000000000018,0,16,0.0,19.590000000000032
P787,S95,4,789.06,0.31999999999993634,0,1,0,0,793.36,10.17999999999995,0,20.590000000000032,0,17,0.0,20.909999999999968
P787,S95,4,789.29,0.2300000000000182,0,1,0,0,793.59,10.409999999999968,0,21.909999999999968,0,18,0.0,22.139999999999986
P787,S95,4,789.45,0.16000000000008185,0,1,0,0,793.7500000000001,10.57000000000005,0,23.139999999999986,0,19,0.0,23.300000000000068
P787,S95,4,789.55,0.09999999999990905,0,1,0,0,793.85,10.669999999999959,0,24.300000000000068,0,20,0.0,24.399999999999977
P787,S95,4,789.64,0.09000000000003183,0,1,0,0,793.94,10.759999999999991,0,25.399999999999977,0,21,0.0,25.49000000000001
P787,S95,4,789.98,0.34000000000003183,0,1,0,0,794.2800000000001,11.100000000000023,0,26.49000000000001,0,22,0.0,26.83000000000004
P787,S95,4,790.34,0.36000000000001364,0,1,0,0,794.6400000000001,11.460000000000036,0,27.83000000000004,0,23,0.0,28.190000000000055
P787,S95,4,790.75,0.40999999999996817,0,1,0,0,795.0500000000001,11.870000000000005,0,29.190000000000055,0,24,0.0,29.600000000000023
P787,S95,4,790.81,0.05999999999994543,0,1,0,0,795.11,11.92999999999995,0,30.600000000000023,0,25,0.0,30.659999999999968
P787,S95,4,791.61,0.8000000000000682,0,1,0,0,795.9100000000001,12.730000000000018,0,31.659999999999968,0,26,0.0,32.460000000000036
P787,S95,4,791.95,0.34000000000003183,0,1,0,0,796.2500000000001,13.07000000000005,0,33.460000000000036,0,27,0.0,33.80000000000007
P787,S95,4,792.28,0.32999999999992724,0,1,0,0,796.58,13.399999999999977,0,34.80000000000007,0,28,0.0,35.129999999999995
P787,S95,4,792.61,0.3300000000000409,0,1,0,0,796.9100000000001,13.730000000000018,0,36.129999999999995,0,29,0.0,36.460000000000036
P787,S95,4,792.99,0.37999999999999545,0,1,0,0,797.2900000000001,14.110000000000014,0,37.460000000000036,0,30,0.0,37.84000000000003
P787,S95,4,793.37,0.37999999999999545,0,1,0,0,797.6700000000001,14.490000000000009,0,38.84000000000003,0,31,0.0,39.22000000000003
P787,S95,4,795.56,2.189999999999941,1,0,0,0,799.86,16.67999999999995,0,0.0,1,31,0.0,0.0
P787,S95,4,795.82,0.2600000000001046,1,0,0,0,800.1200000000001,16.940000000000055,1,0.0,2,31,0.2600000000001046,0.0
P787,S95,4,796.08,0.2599999999999909,1,0,0,0,800.3800000000001,17.200000000000045,2,0.0,3,31,0.5200000000000955,0.0
P787,S95,4,796.42,0.33999999999991815,1,0,0,0,800.72,17.539999999999964,3,0.0,4,31,0.8600000000000136,0.0
P787,S95,4,796.8,0.37999999999999545,1,0,0,0,801.1,17.91999999999996,4,0.0,5,31,1.240000000000009,0.0
P787,S95,4,796.97,0.17000000000007276,1,0,0,0,801.2700000000001,18.090000000000032,5,0.0,6,31,1.4100000000000819,0.0
P787,S95,4,797.45,0.4800000000000182,1,0,0,0,801.7500000000001,18.57000000000005,6,0.0,7,31,1.8900000000001,0.0
P787,S95,4,797.89,0.4399999999999409,1,0,0,0,802.19,19.00999999999999,7,0.0,8,31,2.330000000000041,0.0
P787,S95,4,797.98,0.09000000000003183,1,0,0,0,802.2800000000001,19.100000000000023,8,0.0,9,31,2.4200000000000728,0.0
P787,S95,4,799.57,1.5900000000000318,1,0,0,0,803.8700000000001,20.690000000000055,9,0.0,10,31,4.010000000000105,0.0
P787,S95,4,800.66,1.0899999999999181,0,1,0,0,804.96,21.779999999999973,0,0.0,10,32,0.0,0.0
P787,S95,4,800.96,0.3000000000000682,0,1,0,0,805.2600000000001,22.08000000000004,0,1.0,10,33,0.0,1.3000000000000682
P787,S95,4,801.25,0.2899999999999636,0,1,0,0,805.5500000000001,22.370000000000005,0,2.300000000000068,10,34,0.0,2.590000000000032
P787,S95,4,801.25,0.2899999999999636,0,1,0,1,805.84,0.0,0,3.590000000000032,10,0,0.0,0.2899999999999636
P787,S95,4,805.56,4.309999999999945,0,1,0,0,810.15,4.309999999999945,0,0.0,10,1,0.0,0.0
P787,S95,4,805.89,0.3300000000000409,0,1,0,0,810.48,4.639999999999986,0,1.0,10,2,0.0,1.330000000000041
P787,S95,4,806.18,0.2899999999999636,0,1,0,0,810.77,4.92999999999995,0,2.330000000000041,10,3,0.0,2.6200000000000045
P787,S95,4,806.49,0.3100000000000591,0,1,0,0,811.08,5.240000000000009,0,3.6200000000000045,10,4,0.0,3.9300000000000637
P787,S95,4,806.8,0.30999999999994543,0,1,0,0,811.39,5.5499999999999545,0,4.930000000000064,10,5,0.0,5.240000000000009
P787,S95,4,807.13,0.3300000000000409,0,1,0,0,811.72,5.8799999999999955,0,6.240000000000009,10,6,0.0,6.57000000000005
P787,S95,4,807.46,0.3300000000000409,0,1,0,0,812.0500000000001,6.210000000000036,0,7.57000000000005,10,7,0.0,7.900000000000091
P787,S95,4,807.79,0.32999999999992724,0,1,0,0,812.38,6.539999999999964,0,8.900000000000091,10,8,0.0,9.230000000000018
P787,S95,4,808.1,0.3100000000000591,0,1,0,0,812.69,6.850000000000023,0,10.230000000000018,10,9,0.0,10.540000000000077
P787,S95,4,808.43,0.32999999999992724,0,1,0,0,813.02,7.17999999999995,0,11.540000000000077,10,10,0.0,11.870000000000005
P787,S95,4,808.73,0.3000000000000682,0,1,0,0,813.32,7.480000000000018,0,12.870000000000005,10,11,0.0,13.170000000000073
P787,S95,4,809.08,0.35000000000002274,0,1,0,0,813.6700000000001,7.830000000000041,0,14.170000000000073,10,12,0.0,14.520000000000095
P787,S95,4,809.39,0.30999999999994543,0,1,0,0,813.98,8.139999999999986,0,15.520000000000095,10,13,0.0,15.830000000000041
P787,S95,4,809.78,0.38999999999998636,0,1,0,0,814.37,8.529999999999973,0,16.83000000000004,10,14,0.0,17.220000000000027
P787,S95,4,810.13,0.35000000000002274,0,1,0,0,814.72,8.879999999999995,0,18.220000000000027,10,15,0.0,18.57000000000005
P787,S95,4,810.44,0.3100000000000591,0,1,0,0,815.0300000000001,9.190000000000055,0,19.57000000000005,10,16,0.0,19.88000000000011
P787,S95,4,810.78,0.33999999999991815,0,1,0,0,815.37,9.529999999999973,0,20.88000000000011,10,17,0.0,21.220000000000027
P787,S95,4,811.15,0.37000000000000455,0,1,0,0,815.74,9.899999999999977,0,22.220000000000027,10,18,0.0,22.590000000000032
P787,S95,4,811.15,0.37000000000000455,0,1,0,1,816.11,0.0,0,23.590000000000032,10,0,0.0,0.37000000000000455
P787,S95,4,814.95,3.800000000000068,0,1,0,0,819.9100000000001,3.800000000000068,0,0.0,10,1,0.0,0.0
P787,S95,4,815.32,0.37000000000000455,0,1,0,0,820.2800000000001,4.170000000000073,0,1.0,10,2,0.0,1.3700000000000045
P787,S95,4,815.59,0.2699999999999818,0,1,0,0,820.5500000000001,4.440000000000055,0,2.3700000000000045,10,3,0.0,2.6399999999999864
P787,S95,4,815.88,0.2899999999999636,0,1,0,0,820.84,4.730000000000018,0,3.6399999999999864,10,4,0.0,3.92999999999995
P787,S95,4,816.27,0.38999999999998636,0,1,0,0,821.23,5.1200000000000045,0,4.92999999999995,10,5,0.0,5.319999999999936
P787,S95,4,816.6,0.3300000000000409,0,1,0,0,821.5600000000001,5.4500000000000455,0,6.319999999999936,10,6,0.0,6.649999999999977
P787,S95,4,816.89,0.2899999999999636,0,1,0,0,821.85,5.740000000000009,0,7.649999999999977,10,7,0.0,7.939999999999941
P787,S95,4,817.23,0.34000000000003183,0,1,0,0,822.19,6.080000000000041,0,8.93999999999994,10,8,0.0,9.279999999999973
P787,S95,4,817.58,0.35000000000002274,0,1,0,0,822.5400000000001,6.430000000000064,0,10.279999999999973,10,9,0.0,10.629999999999995
P787,S95,4,817.92,0.33999999999991815,0,1,0,0,822.88,6.769999999999982,0,11.629999999999995,10,10,0.0,11.969999999999914
P787,S95,4,818.25,0.3300000000000409,0,1,0,0,823.21,7.100000000000023,0,12.969999999999914,10,11,0.0,13.299999999999955
P787,S95,4,818.58,0.3300000000000409,0,1,0,0,823.5400000000001,7.430000000000064,0,14.299999999999955,10,12,0.0,14.629999999999995
P787,S95,4,818.94,0.36000000000001364,0,1,0,0,823.9000000000001,7.790000000000077,0,15.629999999999995,10,13,0.0,15.990000000000009
P787,S95,4,819.31,0.36999999999989086,0,1,0,0,824.27,8.159999999999968,0,16.99000000000001,10,14,0.0,17.3599999999999
P787,S95,4,820.67,1.3600000000000136,1,0,0,0,825.63,9.519999999999982,0,0.0,11,14,0.0,0.0
P787,S95,4,820.97,0.3000000000000682,1,0,0,0,825.9300000000001,9.82000000000005,1,0.0,12,14,0.3000000000000682,0.0
P787,S95,4,821.27,0.2999999999999545,1,0,0,0,826.23,10.120000000000005,2,0.0,13,14,0.6000000000000227,0.0
P787,S95,4,821.6,0.3300000000000409,1,0,0,0,826.5600000000001,10.450000000000045,3,0.0,14,14,0.9300000000000637,0.0
P787,S95,4,821.97,0.37000000000000455,1,0,0,0,826.9300000000001,10.82000000000005,4,0.0,15,14,1.3000000000000682,0.0
P787,S95,4,822.36,0.38999999999998636,1,0,0,0,827.32,11.210000000000036,5,0.0,16,14,1.6900000000000546,0.0
P787,S95,4,822.63,0.2699999999999818,1,0,0,0,827.59,11.480000000000018,6,0.0,17,14,1.9600000000000364,0.0
P787,S95,4,823.33,0.7000000000000455,1,0,0,0,828.2900000000001,12.180000000000064,7,0.0,18,14,2.660000000000082,0.0
P787,S95,4,824.67,1.3399999999999181,1,0,0,0,829.63,13.519999999999982,8,0.0,19,14,4.0,0.0
P787,S95,4,824.67,1.3399999999999181,1,0,1,0,0.0,14.8599999999999,9,0.0,0,14,1.3399999999999181,0.0
P787,S95,4,828.76,4.090000000000032,1,0,0,0,4.090000000000032,18.949999999999932,0,0.0,1,14,1.3399999999999181,0.0
P787,S95,4,829.15,0.38999999999998636,1,0,0,0,4.480000000000018,19.339999999999918,1,0.0,2,14,1.7299999999999045,0.0
P787,S95,4,830.2,1.0500000000000682,0,1,0,0,5.530000000000086,20.389999999999986,0,0.0,2,15,0.0,0.0
P787,S95,4,830.5,0.2999999999999545,0,1,0,0,5.830000000000041,20.68999999999994,0,1.0,2,16,0.0,1.2999999999999545
P787,S95,4,830.76,0.2599999999999909,0,1,0,0,6.090000000000032,20.949999999999932,0,2.2999999999999545,2,17,0.0,2.5599999999999454
P787,S95,4,831.07,0.3100000000000591,0,1,0,0,6.400000000000091,21.25999999999999,0,3.5599999999999454,2,18,0.0,3.8700000000000045
P787,S95,4,831.38,0.30999999999994543,0,1,0,0,6.710000000000036,21.569999999999936,0,4.8700000000000045,2,19,0.0,5.17999999999995
P787,S95,4,831.69,0.3100000000000591,0,1,0,0,7.0200000000000955,21.879999999999995,0,6.17999999999995,2,20,0.0,6.490000000000009
P787,S95,4,832.03,0.33999999999991815,0,1,0,0,7.360000000000014,22.219999999999914,0,7.490000000000009,2,21,0.0,7.829999999999927
P787,S95,4,832.37,0.34000000000003183,0,1,0,0,7.7000000000000455,22.559999999999945,0,8.829999999999927,2,22,0.0,9.169999999999959
P787,S95,4,832.71,0.34000000000003183,0,1,0,0,8.040000000000077,22.899999999999977,0,10.169999999999959,2,23,0.0,10.509999999999991
P787,S95,4,833.07,0.36000000000001364,0,1,0,0,8.400000000000091,23.25999999999999,0,11.509999999999991,2,24,0.0,11.870000000000005
P787,S95,4,833.38,0.30999999999994543,0,1,0,0,8.710000000000036,23.569999999999936,0,12.870000000000005,2,25,0.0,13.17999999999995
P787,S95,4,834.83,1.4500000000000455,0,1,0,0,10.160000000000082,25.019999999999982,0,14.17999999999995,2,26,0.0,15.629999999999995
P787,S95,4,834.9,0.06999999999993634,0,1,0,0,10.230000000000018,25.089999999999918,0,16.629999999999995,2,27,0.0,16.699999999999932
P787,S95,4,835.06,0.15999999999996817,0,1,0,0,10.389999999999986,25.249999999999886,0,17.699999999999932,2,28,0.0,17.8599999999999
P787,S95,4,835.36,0.3000000000000682,0,1,0,0,10.690000000000055,25.549999999999955,0,18.8599999999999,2,29,0.0,19.159999999999968
P787,S95,4,835.68,0.31999999999993634,0,1,0,0,11.009999999999991,25.86999999999989,0,20.159999999999968,2,30,0.0,20.479999999999905
P787,S95,4,836.02,0.34000000000003183,0,1,0,0,11.350000000000023,26.209999999999923,0,21.479999999999905,2,31,0.0,21.819999999999936
P787,S95,4,836.32,0.3000000000000682,0,1,0,0,11.650000000000091,26.50999999999999,0,22.819999999999936,2,32,0.0,23.120000000000005
P787,S95,4,836.69,0.37000000000000455,0,1,0,0,12.020000000000095,26.879999999999995,0,24.120000000000005,2,33,0.0,24.49000000000001
P787,S95,4,837.08,0.38999999999998636,0,1,0,0,12.410000000000082,27.269999999999982,0,25.49000000000001,2,34,0.0,25.879999999999995
P787,S95,4,838.38,1.2999999999999545,0,1,0,0,13.710000000000036,28.569999999999936,0,26.879999999999995,2,35,0.0,28.17999999999995
P787,S95,4,838.65,0.2699999999999818,0,1,0,0,13.980000000000018,28.839999999999918,0,29.17999999999995,2,36,0.0,29.449999999999932
P787,S95,4,838.99,0.34000000000003183,0,1,0,0,14.32000000000005,29.17999999999995,0,30.449999999999932,2,37,0.0,30.789999999999964
P787,S95,4,839.3,0.30999999999994543,0,1,0,0,14.629999999999995,29.489999999999895,0,31.789999999999964,2,38,0.0,32.09999999999991
P787,S95,4,839.62,0.32000000000005,0,1,0,0,14.950000000000045,29.809999999999945,0,33.09999999999991,2,39,0.0,33.41999999999996
P787,S95,4,839.88,0.2599999999999909,0,1,0,0,15.210000000000036,30.069999999999936,0,34.41999999999996,2,40,0.0,34.67999999999995
P787,S95,4,840.19,0.3100000000000591,0,1,0,0,15.520000000000095,30.379999999999995,0,35.67999999999995,2,41,0.0,35.99000000000001
P787,S95,4,840.5,0.30999999999994543,0,1,0,0,15.830000000000041,30.68999999999994,0,36.99000000000001,2,42,0.0,37.299999999999955
P787,S95,4,840.88,0.37999999999999545,0,1,0,0,16.210000000000036,31.069999999999936,0,38.299999999999955,2,43,0.0,38.67999999999995
P787,S95,4,841.36,0.4800000000000182,0,1,0,0,16.690000000000055,31.549999999999955,0,39.67999999999995,2,44,0.0,40.15999999999997
P787,S95,4,842.1,0.7400000000000091,0,1,0,0,17.430000000000064,32.289999999999964,0,41.15999999999997,2,45,0.0,41.89999999999998
P787,S95,4,842.36,0.2599999999999909,0,1,0,0,17.690000000000055,32.549999999999955,0,42.89999999999998,2,46,0.0,43.15999999999997
P787,S95,4,842.67,0.30999999999994543,0,1,0,0,18.0,32.8599999999999,0,44.15999999999997,2,47,0.0,44.469999999999914
P787,S95,4,843.0,0.3300000000000409,0,1,0,0,18.33000000000004,33.18999999999994,0,45.469999999999914,2,48,0.0,45.799999999999955
P787,S95,4,843.31,0.30999999999994543,0,1,0,0,18.639999999999986,33.499999999999886,0,46.799999999999955,2,49,0.0,47.1099999999999
P787,S95,4,843.63,0.32000000000005,0,1,0,0,18.960000000000036,33.819999999999936,0,48.1099999999999,2,50,0.0,48.42999999999995
P787,S95,4,843.94,0.3100000000000591,0,1,0,0,19.270000000000095,34.129999999999995,0,49.42999999999995,2,51,0.0,49.74000000000001
P787,S95,4,844.51,0.5699999999999363,0,1,0,0,19.840000000000032,34.69999999999993,0,50.74000000000001,2,52,0.0,51.309999999999945
P787,S95,4,844.88,0.37000000000000455,0,1,0,0,20.210000000000036,35.069999999999936,0,52.309999999999945,2,53,0.0,52.67999999999995
P787,S95,4,844.88,0.37000000000000455,0,1,0,1,20.58000000000004,0.0,0,53.67999999999995,2,0,0.0,0.37000000000000455
P787,S95,4,849.23,4.350000000000023,0,1,0,0,24.930000000000064,4.350000000000023,0,0.0,2,1,0.0,0.0
P787,S95,4,849.45,0.22000000000002728,0,1,0,0,25.15000000000009,4.57000000000005,0,1.0,2,2,0.0,1.2200000000000273
P787,S95,4,849.77,0.31999999999993634,0,1,0,0,25.470000000000027,4.889999999999986,0,2.2200000000000273,2,3,0.0,2.5399999999999636
P787,S95,4,850.06,0.2899999999999636,0,1,0,0,25.75999999999999,5.17999999999995,0,3.5399999999999636,2,4,0.0,3.8299999999999272
P787,S95,4,850.42,0.36000000000001364,0,1,0,0,26.120000000000005,5.539999999999964,0,4.829999999999927,2,5,0.0,5.189999999999941
P787,S95,4,850.8,0.37999999999999545,0,1,0,0,26.5,5.919999999999959,0,6.189999999999941,2,6,0.0,6.569999999999936
P787,S95,4,851.67,0.8700000000000045,0,1,0,0,27.370000000000005,6.789999999999964,0,7.569999999999936,2,7,0.0,8.43999999999994
P787,S95,4,851.94,0.2700000000000955,0,1,0,0,27.6400000000001,7.060000000000059,0,9.43999999999994,2,8,0.0,9.710000000000036
P787,S95,4,852.28,0.33999999999991815,0,1,0,0,27.980000000000018,7.399999999999977,0,10.710000000000036,2,9,0.0,11.049999999999955
P787,S95,4,852.6,0.32000000000005,0,1,0,0,28.300000000000068,7.720000000000027,0,12.049999999999955,2,10,0.0,12.370000000000005
P787,S95,4,852.93,0.32999999999992724,0,1,0,0,28.629999999999995,8.049999999999955,0,13.370000000000005,2,11,0.0,13.699999999999932
P787,S95,4,853.28,0.35000000000002274,0,1,0,0,28.980000000000018,8.399999999999977,0,14.699999999999932,2,12,0.0,15.049999999999955
P787,S95,4,853.62,0.34000000000003183,0,1,0,0,29.32000000000005,8.740000000000009,0,16.049999999999955,2,13,0.0,16.389999999999986
P787,S95,4,854.59,0.9700000000000273,0,1,0,0,30.290000000000077,9.710000000000036,0,17.389999999999986,2,14,0.0,18.360000000000014
P787,S95,4,854.87,0.2799999999999727,0,1,0,0,30.57000000000005,9.990000000000009,0,19.360000000000014,2,15,0.0,19.639999999999986
P787,S95,4,855.21,0.34000000000003183,0,1,0,0,30.910000000000082,10.330000000000041,0,20.639999999999986,2,16,0.0,20.980000000000018
P787,S95,4,855.45,0.2400000000000091,0,1,0,0,31.15000000000009,10.57000000000005,0,21.980000000000018,2,17,0.0,22.220000000000027
P787,S95,4,855.57,0.12000000000000455,0,1,0,0,31.270000000000095,10.690000000000055,0,23.220000000000027,2,18,0.0,23.340000000000032
P787,S95,4,855.76,0.18999999999994088,0,1,0,0,31.460000000000036,10.879999999999995,0,24.340000000000032,2,19,0.0,24.529999999999973
P787,S95,4,855.91,0.14999999999997726,0,1,0,0,31.610000000000014,11.029999999999973,0,25.529999999999973,2,20,0.0,25.67999999999995
P787,S95,4,856.06,0.14999999999997726,0,1,0,0,31.75999999999999,11.17999999999995,0,26.67999999999995,2,21,0.0,26.829999999999927
P787,S95,4,856.25,0.19000000000005457,0,1,0,0,31.950000000000045,11.370000000000005,0,27.829999999999927,2,22,0.0,28.019999999999982
P787,S95,4,856.46,0.21000000000003638,0,1,0,0,32.16000000000008,11.580000000000041,0,29.019999999999982,2,23,0.0,29.230000000000018
P787,S95,4,856.8,0.33999999999991815,0,1,0,0,32.5,11.919999999999959,0,30.230000000000018,2,24,0.0,30.569999999999936
P787,S95,4,856.98,0.18000000000006366,0,1,0,0,32.680000000000064,12.100000000000023,0,31.569999999999936,2,25,0.0,31.75
P787,S95,4,857.16,0.17999999999994998,0,1,0,0,32.860000000000014,12.279999999999973,0,32.75,2,26,0.0,32.92999999999995
P787,S95,4,857.35,0.19000000000005457,0,1,0,0,33.05000000000007,12.470000000000027,0,33.92999999999995,2,27,0.0,34.120000000000005
P787,S95,4,857.65,0.2999999999999545,0,1,0,0,33.35000000000002,12.769999999999982,0,35.120000000000005,2,28,0.0,35.41999999999996
P787,S95,4,857.65,0.2999999999999545,0,1,0,1,33.64999999999998,0.0,0,36.41999999999996,2,0,0.0,0.2999999999999545
P787,S95,4,861.86,4.210000000000036,0,1,0,0,37.860000000000014,4.210000000000036,0,0.0,2,1,0.0,0.0
P787,S95,4,862.11,0.25,0,1,0,0,38.110000000000014,4.460000000000036,0,1.0,2,2,0.0,1.25
P787,S95,4,862.37,0.2599999999999909,0,1,0,0,38.370000000000005,4.720000000000027,0,2.25,2,3,0.0,2.509999999999991
P787,S95,4,862.66,0.2899999999999636,0,1,0,0,38.65999999999997,5.009999999999991,0,3.509999999999991,2,4,0.0,3.7999999999999545
P787,S95,4,862.98,0.32000000000005,0,1,0,0,38.98000000000002,5.330000000000041,0,4.7999999999999545,2,5,0.0,5.1200000000000045
P787,S95,4,862.98,0.32000000000005,0,1,0,1,39.30000000000007,0.0,0,6.1200000000000045,2,0,0.0,0.32000000000005
P787,S95,4,866.97,3.990000000000009,0,1,0,0,43.29000000000008,3.990000000000009,0,0.0,2,1,0.0,0.0
P787,S95,4,867.51,0.5399999999999636,0,1,0,0,43.83000000000004,4.529999999999973,0,1.0,2,2,0.0,1.5399999999999636
P787,S95,4,867.82,0.3100000000000591,0,1,0,0,44.1400000000001,4.840000000000032,0,2.5399999999999636,2,3,0.0,2.8500000000000227
P787,S95,4,868.12,0.2999999999999545,0,1,0,0,44.440000000000055,5.139999999999986,0,3.8500000000000227,2,4,0.0,4.149999999999977
P787,S95,4,868.27,0.14999999999997726,0,1,0,0,44.59000000000003,5.289999999999964,0,5.149999999999977,2,5,0.0,5.2999999999999545
P787,S95,4,868.64,0.37000000000000455,0,1,0,0,44.960000000000036,5.659999999999968,0,6.2999999999999545,2,6,0.0,6.669999999999959
P787,S95,4,868.83,0.19000000000005457,0,1,0,0,45.15000000000009,5.850000000000023,0,7.669999999999959,2,7,0.0,7.860000000000014
P787,S95,4,868.96,0.12999999999999545,0,1,0,0,45.280000000000086,5.980000000000018,0,8.860000000000014,2,8,0.0,8.990000000000009
P787,S95,4,869.1,0.13999999999998636,0,1,0,0,45.42000000000007,6.1200000000000045,0,9.990000000000009,2,9,0.0,10.129999999999995
P787,S95,4,869.4,0.2999999999999545,0,1,0,0,45.72000000000003,6.419999999999959,0,11.129999999999995,2,10,0.0,11.42999999999995
P787,S95,4,869.51,0.11000000000001364,0,1,0,0,45.83000000000004,6.529999999999973,0,12.42999999999995,2,11,0.0,12.539999999999964
P787,S95,4,869.66,0.14999999999997726,0,1,0,0,45.98000000000002,6.67999999999995,0,13.539999999999964,2,12,0.0,13.68999999999994
P787,S95,4,869.9,0.2400000000000091,0,1,0,0,46.22000000000003,6.919999999999959,0,14.68999999999994,2,13,0.0,14.92999999999995
P787,S95,4,870.06,0.15999999999996817,0,1,0,0,46.379999999999995,7.079999999999927,0,15.92999999999995,2,14,0.0,16.089999999999918
P787,S95,4,870.34,0.2800000000000864,0,1,0,0,46.66000000000008,7.360000000000014,0,17.089999999999918,2,15,0.0,17.370000000000005
P787,S95,4,871.02,0.67999999999995,0,1,0,0,47.34000000000003,8.039999999999964,0,18.370000000000005,2,16,0.0,19.049999999999955
P787,S95,4,871.26,0.2400000000000091,0,1,0,0,47.58000000000004,8.279999999999973,0,20.049999999999955,2,17,0.0,20.289999999999964
P787,S95,4,871.62,0.36000000000001364,0,1,0,0,47.940000000000055,8.639999999999986,0,21.289999999999964,2,18,0.0,21.649999999999977
P787,S95,4,872.53,0.9099999999999682,1,0,0,0,48.85000000000002,9.549999999999955,0,0.0,3,18,0.0,0.0
P787,S95,4,872.73,0.20000000000004547,1,0,0,0,49.05000000000007,9.75,1,0.0,4,18,0.20000000000004547,0.0
P787,S95,4,873.05,0.31999999999993634,1,0,0,0,49.370000000000005,10.069999999999936,2,0.0,5,18,0.5199999999999818,0.0
P787,S95,4,873.29,0.2400000000000091,1,0,0,0,49.610000000000014,10.309999999999945,3,0.0,6,18,0.7599999999999909,0.0
P787,S95,4,873.8,0.5099999999999909,1,0,0,0,50.120000000000005,10.819999999999936,4,0.0,7,18,1.2699999999999818,0.0
P787,S95,4,874.06,0.2599999999999909,1,0,0,0,50.379999999999995,11.079999999999927,5,0.0,8,18,1.5299999999999727,0.0
P787,S95,4,874.41,0.35000000000002274,1,0,0,0,50.73000000000002,11.42999999999995,6,0.0,9,18,1.8799999999999955,0.0
P787,S95,4,876.64,2.230000000000018,0,1,0,0,52.960000000000036,13.659999999999968,0,0.0,9,19,0.0,0.0
P787,S95,4,877.18,0.5399999999999636,0,1,0,0,53.5,14.199999999999932,0,1.0,9,20,0.0,1.5399999999999636
P787,S95,4,877.5,0.32000000000005,0,1,0,0,53.82000000000005,14.519999999999982,0,2.5399999999999636,9,21,0.0,2.8600000000000136
P787,S95,4,877.78,0.2799999999999727,0,1,0,0,54.10000000000002,14.799999999999955,0,3.8600000000000136,9,22,0.0,4.139999999999986
P787,S95,4,878.09,0.3100000000000591,0,1,0,0,54.41000000000008,15.110000000000014,0,5.139999999999986,9,23,0.0,5.4500000000000455
P787,S95,4,878.41,0.31999999999993634,0,1,0,0,54.73000000000002,15.42999999999995,0,6.4500000000000455,9,24,0.0,6.769999999999982
P787,S95,4,878.41,0.31999999999993634,0,1,0,1,55.049999999999955,0.0,0,7.769999999999982,9,0,0.0,0.31999999999993634
